0.00000
0.00000
0.00000
0.00000
0.00000
0.00000
0.00000
0.00000
0.00000
0.00000
0.00000
0.00000
0.00000
0.00000
0.00000
0.00000
0.00000
0.00000
0.00000
0.00000
0.00000
0.00000
0.00000
0.00000
0.00000
0.00000
0.00000
0.00000
0.00000
0.00000
0.00000
0.00000
0.00000
0.00000
0.00000
104.63100
0.00000
0.00000
0.00000
0.00000
106.04300
0.00000
216.51600
100.39700
431.23000
212.02400
111.83700
526.49600
525.22300
205.68000
426.22600
534.87000
210.06300
0.00000
101.58100
432.11300
650.45400
409.39900
618.97700
1179.73800
953.53400
761.17600
1604.93200
2684.00000
2339.43100
2240.87500
2766.85100
3886.34700
4456.51000
5599.39700
5340.46600
4736.66700
4475.87700
4699.25200
5732.05800
6357.24700
7083.88800
6899.58300
8693.90500
10397.40500
10039.66400
10436.29800
11901.99400
13396.52800
12377.38500
12391.67400
13585.47100
11937.60700
12822.18900
13502.61900
15124.24100
15765.71800
14955.70400
15654.34800
17913.91100
18540.78200
19728.80300
20132.26800
19886.68500
20552.90900
20238.30000
20475.14500
21249.51700
23632.71200
23461.71500
23283.21200
24412.08900
24988.90600
26528.84700
27427.88100
27617.72100
26869.41400
28331.72800
29418.87600
30220.89500
32080.91100
32354.40600
32555.43800
34317.81800
34382.33000
34716.28300
37559.70600
37933.01500
39733.10000
41054.79200
40528.02400
40937.73100
42416.86700
43679.42100
43731.05400
44819.29600
45049.91700
45192.10200
44908.30900
45039.90700
46940.75000
47448.28500
47777.56100
49189.12100
49541.93300
49233.98200
50876.76400
52805.99700
53321.34700
53963.27600
55150.63400
55387.48000
56612.66900
55511.98000
55057.28600
55771.63600
56354.29100
56375.41600
57674.66000
59061.54300
60586.69900
61502.78400
62680.40600
63073.67900
64173.78100
63481.89400
63596.62400
63681.88700
63504.81000
65025.69600
66269.57600
67942.69200
67817.13400
69352.09300
69543.74700
69698.08200
70425.85700
70074.13200
70767.92900
70518.58000
69748.66700
68855.10200
70100.79500
70929.02000
73339.43500
74439.33400
74804.08900
72948.68200
74219.15200
73771.86500
73565.97200
75435.95600
76675.04600
75930.70200
75142.75100
75013.66900
76802.26800
77118.14300
76217.43700
77061.44000
75962.17200
75847.40300
75777.92900
76353.78300
75720.03300
77050.35100
78084.98400
78221.61800
77252.13200
76822.73000
77367.36700
76515.76000
74873.25000
73558.45700
74740.51000
73490.52000
71463.43200
71825.43000
73546.38300
73194.84000
70969.57400
70541.12000
72026.55500
73007.89700
72073.90400
72166.82700
72211.56400
72731.47200
72577.03300
71632.61400
71178.72300
70506.01000
69997.73300
69249.88500
68805.26100
69282.48000
69225.73100
68283.79200
67457.82500
66843.94100
67038.32500
66897.36500
66411.79200
65048.15900
62997.66800
61004.43900
60388.21700
60288.10800
60157.70000
59444.26400
59004.00200
58516.53500
58188.26200
57881.41900
56882.05200
56971.59600
55974.83500
52947.57400
52668.81000
52466.59700
52683.57800
52297.81500
51484.13800
50507.80100
49279.61600
48595.62700
48216.70200
47454.89600
48171.00200
45973.74600
44374.24300
42913.72400
41246.64100
40973.23600
40963.78000
40709.69100
40085.91800
38614.90300
38272.45800
38128.20300
36698.38100
35560.28300
35434.64600
35565.09900
35866.93100
35680.52700
34632.32800
33581.20100
32621.06800
32457.15800
31875.37100
30728.80600
29557.38600
29045.72500
28349.92100
27101.15800
25977.94400
25680.01300
24409.46100
25583.50700
26383.63600
24505.89200
22705.76000
21565.48100
21935.72800
21409.41000
19254.51300
20549.46000
20306.75000
18341.54400
17491.87600
17918.51300
16641.51500
15467.39900
15225.41000
15703.95100
14850.57200
14392.79500
11717.45800
10790.50200
10085.49300
9342.34500
9772.03500
10362.90400
11111.56700
8703.14800
8749.88000
7613.52500
7006.75700
7651.32200
6841.67100
6158.66600
4593.39900
4171.87500
4283.29100
3014.93500
3639.61100
3489.40600
1503.79400
939.76100
1284.00300
630.63200
637.92500
443.83000
423.23900
215.56300
325.83400
321.17600
511.35100
417.51700
0.00000
0.00000
0.00000
0.00000
329.15700
0.00000
0.00000
206.73600
101.40700
0.00000
0.00000
0.00000
0.00000
0.00000
0.00000
0.00000
0.00000
0.00000
0.00000
0.00000
0.00000
0.00000
0.00000
0.00000
0.00000
0.00000
0.00000
0.00000
0.00000
0.00000
0.00000
0.00000
0.00000
0.00000
0.00000
0.00000
0.00000
0.00000
0.00000
0.00000
0.00000
0.00000
0.00000
0.00000
0.00000
0.00000
0.00000
0.00000
0.00000
0.00000
0.00000
0.00000
0.00000
0.00000
0.00000
